375
495 496
494 498
492 501
490 503
487 510
484 511
482 512
481 513
478 517
476 518
475 521
474 522
471 523
470 524
469 525
466 527
465 528
464 529
461 534
459 535
458 537
455 542
454 543
452 544
449 545
447 547
445 548
444 552
443 553
438 558
437 562
434 563
432 564
428 566
427 568
426 571
424 572
422 573
419 577
418 578
417 579
415 580
414 581
413 582
410 583
409 585
408 586
407 587
405 589
403 590
402 595
401 598
399 599
398 600
395 601
394 603
392 607
390 608
388 609
386 612
385 615
384 617
383 618
382 619
376 620
375 622
373 624
372 625
371 628
368 630
366 631
365 632
363 633
359 634
355 635
353 636
350 637
345 643
344 651
343 653
341 657
339 659
338 660
337 661
336 662
335 664
331 665
330 666
327 668
324 670
322 673
321 674
318 675
310 676
307 681
306 683
304 684
297 685
295 686
291 689
290 695
289 696
288 697
285 698
280 699
273 700
271 701
270 703
269 705
266 709
264 710
263 711
262 714
259 715
257 716
256 717
253 720
252 721
250 726
249 731
248 735
246 737
244 740
243 744
242 749
238 750
237 751
236 752
234 753
231 758
227 759
226 760
224 762
223 763
221 765
218 769
215 770
214 773
207 774
206 781
204 782
200 783
199 788
198 789
195 793
191 794
190 795
188 796
185 797
183 798
182 800
180 801
175 805
173 806
172 808
171 810
169 813
168 814
165 816
163 817
162 818
161 824
160 825
158 828
157 832
156 833
155 834
153 835
152 837
151 838
150 840
147 841
146 846
144 847
143 853
138 856
137 857
134 858
133 861
131 862
130 866
129 868
128 871
126 872
124 873
123 876
119 879
118 881
117 882
116 883
115 884
114 885
108 891
105 892
104 894
102 897
101 898
99 901
97 902
96 903
95 904
94 909
93 910
91 911
88 912
86 915
85 916
84 918
82 919
80 920
79 927
76 928
72 929
71 930
69 932
68 934
67 937
66 940
65 941
64 943
61 945
59 946
58 947
57 949
55 952
54 953
53 956
52 957
51 958
49 960
47 961
46 965
44 967
40 968
37 973
36 974
32 977
31 979
30 980
27 981
26 982
20 984
18 985
15 988
12 990
10 991
8 993
6 995
2 996
0 999
998
997
994
992
989
987
986
983
978
976
975
972
971
970
969
966
964
963
962
959
955
954
951
950
948
944
942
939
938
936
935
933
931
926
925
924
923
922
921
917
914
913
908
907
906
905
900
899
896
895
893
890
889
888
887
886
880
878
877
875
874
870
869
867
865
864
863
860
859
855
854
852
851
850
849
848
845
844
843
842
839
836
831
830
829
827
826
823
822
821
820
819
815
812
811
809
807
804
803
802
799
792
791
790
787
786
785
784
780
779
778
777
776
775
772
771
768
767
766
764
761
757
756
755
754
