750
1
3
4
5
7
9
11
13
14
16
17
19
21
22
23
24
25
28
29
33
34
35
38
39
41
42
43
45
48
50
56
60
62
63
70
73
74
75
77
78
81
83
87
89
90
92
98
100
103
106
107
109
110
111
112
113
120
121
122
125
127
132
135
136
139
140
141
142
145
148
149
154
159
164
166
167
170
174
176
177
178
179
181
184
186
187
189
192
193
194
196
197
201
202
203
205
208
209
210
211
212
213
216
217
219
220
222
225
228
229
230
232
233
235
239
240
241
245
247
251
254
255
258
260
261
265
267
268
272
274
275
276
277
278
279
281
282
283
284
286
287
292
293
294
296
298
299
300
301
302
303
305
308
309
311
312
313
314
315
316
317
319
320
323
325
326
328
329
332
333
334
340
342
346
347
348
349
351
352
354
356
357
358
360
361
362
364
367
369
370
374
377
378
379
380
381
387
389
391
393
396
397
400
404
406
411
412
416
420
421
423
425
429
430
431
433
435
436
439
440
441
442
446
448
450
451
453
456
457
460
462
463
467
468
472
473
477
479
480
483
485
486
488
489
491
493
497
499
500
502
504
505
506
507
508
509
514
515
516
519
520
526
530
531
532
533
536
538
539
540
541
546
549
550
551
554
555
556
557
559
560
561
565
567
569
570
574
575
576
584
588
591
592
593
594
596
597
602
604
605
606
610
611
613
614
616
621
623
626
627
629
638
639
640
641
642
644
645
646
647
648
649
650
652
654
655
656
658
663
667
669
671
672
677
678
679
680
682
687
688
690
691
692
693
694
702
704
706
707
708
712
713
718
719
722
723
724
725
727
728
729
730
732
733
734
736
738
739
741
742
743
745
746
747
748
754
755
756
757
761
764
766
767
768
771
772
775
776
777
778
779
780
784
785
786
787
790
791
792
799
802
803
804
807
809
811
812
815
819
820
821
822
823
826
827
829
830
831
836
839
842
843
844
845
848
849
850
851
852
854
855
859
860
863
864
865
867
869
870
874
875
877
878
880
886
887
888
889
890
893
895
896
899
900
905
906
907
908
913
914
917
921
922
923
924
925
926
931
933
935
936
938
939
942
944
948
950
951
954
955
959
962
963
964
966
969
970
971
972
975
976
978
983
986
987
989
992
994
997
998
0 999
2 996
6 995
8 993
10 991
12 990
15 988
18 985
20 984
26 982
27 981
30 980
31 979
32 977
36 974
37 973
40 968
44 967
46 965
47 961
49 960
51 958
52 957
53 956
54 953
55 952
57 949
58 947
59 946
61 945
64 943
65 941
66 940
67 937
68 934
69 932
71 930
72 929
76 928
79 927
80 920
82 919
84 918
85 916
86 915
88 912
91 911
93 910
94 909
95 904
96 903
97 902
99 901
101 898
102 897
104 894
105 892
108 891
114 885
115 884
116 883
117 882
118 881
119 879
123 876
124 873
126 872
128 871
129 868
130 866
131 862
133 861
134 858
137 857
138 856
143 853
144 847
146 846
147 841
150 840
151 838
152 837
153 835
155 834
156 833
157 832
158 828
160 825
161 824
162 818
163 817
165 816
168 814
169 813
171 810
172 808
173 806
175 805
180 801
182 800
183 798
185 797
188 796
190 795
191 794
195 793
198 789
199 788
200 783
204 782
206 781
207 774
214 773
215 770
218 769
221 765
223 763
224 762
226 760
227 759
231 758
234 753
236 752
237 751
238 750
242 749
243 744
244 740
246 737
248 735
249 731
250 726
252 721
253 720
256 717
257 716
259 715
262 714
263 711
264 710
266 709
269 705
270 703
271 701
273 700
280 699
285 698
288 697
289 696
290 695
291 689
295 686
297 685
304 684
306 683
307 681
310 676
318 675
321 674
322 673
324 670
327 668
330 666
331 665
335 664
336 662
337 661
338 660
339 659
341 657
343 653
344 651
345 643
350 637
353 636
355 635
359 634
363 633
365 632
366 631
368 630
371 628
372 625
373 624
375 622
376 620
382 619
383 618
384 617
385 615
386 612
388 609
390 608
392 607
394 603
395 601
398 600
399 599
401 598
402 595
403 590
405 589
407 587
408 586
409 585
410 583
413 582
414 581
415 580
417 579
418 578
419 577
422 573
424 572
426 571
427 568
428 566
432 564
434 563
437 562
438 558
443 553
444 552
445 548
447 547
449 545
452 544
454 543
455 542
458 537
459 535
461 534
464 529
465 528
466 527
469 525
470 524
471 523
474 522
475 521
476 518
478 517
481 513
482 512
484 511
487 510
490 503
492 501
494 498
495 496
