750
3
700 428
695 88
589 218
598 353
437 995
779
883 545
49 413
196
307 410
808 280
115 114
571 475
454 338
165 169
455 266
622 861
659 580
752 46
137 770
892 818
382 521
130 318
97 465
682
857 814
936
82 636
889
129 511
512 657
174
704
279
178
839
548 95
852
480
604
713
306 563
376 703
653 249
728
414 415
675 481
57 828
214 961
935
147 67
285 91
606
13
264 599
550
99 977
544 160
468
310 55
607 608
395 838
311
224 928
974 484
669
865
654
947 982
937 701
297 615
984 617
794 150
117 759
572 740
841 846
157 620
69 927
820
634 359
133 956
345 153
833 26
763 401
270 716
723
627
203
119 666
334
335 660
586 628
400
760 735
269 668
979 676
146 162
330 438
932 288
697 408
227 796
86 957
849
248 868
903 800
557
509
358
233
421
322 238
597
459 847
405 204
898 59
93 200
161 824
407 991
138 912
387
430
333
612 885
893
626
64 585
953 494
124 553
562 344
373 51
403 234
542 128
490 256
924
261
884 990
788 709
975
85 781
377
879 195
825 960
603 495
624 470
277
920 817
185 331
38
259 101
66 793
356
933
418 930
972
241
678
747
922
881 375
786
445 876
39
872 858
304 44
899
525 482
973 894
252 619
221 517
969
618 710
432 633
378
705 714
536
309
644
343 637
497
230
596
567
23
962
552 226
295 577
679
819
886
215 981
58 720
519
235
80 840
327 774
274
931
73
399 918
417 61
510 631
498 632
444 684
978
722
564 949
7
286
78
442
134 409
681 813
72 726
547 118
746
283
84 579
90
902 501
83
860
18 183
37 630
821
527 816
182 31
835 993
145
768
526
939
558 492
518 155
253 758
906
775
22
246 806
350 837
588
997
290 263
496 651
398 198
416
332
778
340
284
664 581
862 368
426 8
406
446
19
298
754
291 71
158 773
193
68 172
954
915 422
363 102
320
466 385
371 469
52 458
643 665
690
369
144 94
237 271
425
605
964
815
355 15
424 832
179
225
587 76
909 698
940 789
439
923
609 262
207 65
891 461
326
687
267
692
236 765
443 447
836
706
638
325
30 797
175 47
516
324 123
40 524
393
328
867
520
173 744
423
756
528 341
100
826
493
890
142
362
801 988
110
811
866 721
365 795
802
941 487
850
275
54 36
667
229
576
560
771
600 590
28
1
299
901 934
785
908
950
397
623
845
712
431
805 686
656
693
689 873
367
180 96
942
381
848
206 910
635 911
738
427 996
199 392
803
312
787
273 402
313
531
12 108
863
255
247
917
727
613
719
440
724
201
121
578 769
159
370
404
104 810
762 529
25
602
396
952 670
804
827
300
394 503
474 27
32 339
776
671
434 242
569
645
983
177
658
809
696 711
761
24
260
767
514
222
869
213
62
0 535
566 661
534 289
188 522
782 464
109
483
154
70
561
647
500
640
742
951
125
625 386
539
210
508
574
807
388 10
112
925
985 967
98
140
63
505
302
472
476 223
87
211
683 601
449 126
887
783 965
197
60
9
583 383
462
452 834
672
733
364
473
360
791
591
573 513
453
799
265
823
460
874
875
240
565
750 871
732
504
749 595
244 372
907
725
81
450
152 715
688
258
319
491
131 717
946 337
999 753
680
29
321 243
895
685 143
212
851
419 116
729
904 897
822
843
702
648
292
737 929
268
677
228
467
194
257 731
745
451
346
156 751
79 478
45
209
777
148
411
412
584
436
191 919
855
380
968 384
336 856
441
232
593
303
611
741
219
278
955
652
5
853 105
53 958
594
830
502
315
136
673 2
916 168
896
239
75
616
971
205
662 674
314
34
433
41
77
757
186
276
829
878
190 582
6 20
127
980 366
166
296
945 882
251
663
870
989
556
351
357
317
486
170
913
107
694
938
479
559
477
33
149
546
181
730
736
316
621
523 171
48
772
859
379
854
926
568 163
184
755
56
281
231 537
506
176
614
592
842
790
976
642
538
43
14
74
639
880
4
963
489
323
914
959
515
164
780
287
113
448
877
532
499
342
649
655
374
349
966
89
766
784
646
141
994
764
301
488
691
294
103
50
798 390
948
348
551
220
540
739
575
970
282
187
122
354
254
718
92
699 250
135
16
208
17
217
734
555
293
629
151 543
986
792
192
998
864
641
992
42
132
429
35
549
831
139
11
921
485
987
272
943 471
743
812
900
457
463
905
844
420
944
347
329
202
106
541
748
308
21
435
456
216
305
707
167
530
245
507
389
352
708
888
554
650
361
610
570
111
533
120
391
189
