750
3
168 996
32 862
204 619
825 716
375 774
675 494
710 585
242 581
284
51 861
273 973
588
415 169
454 481
475 339
341 511
231 150
392 409
805 662
817 615
324 185
306 69
713
604
577 501
91 894
238 930
731 918
61 834
196
436
394 413
740 553
853 770
46 126
140
26 991
988 982
789 595
666 759
405 259
937 932
638
385 353
478 758
155 94
262 721
840 661
344 470
153 88
495 715
631 580
633 601
248 128
138 105
226 965
172 957
885 796
200 114
830
858 846
157 49
752 630
47 810
362
563 684
101 27
525 383
403 310
468
160 967
216
401 183
20 995
779
882 657
681 612
806 990
458 289
44 15
811
78
286
103
439
940 676
640
674 665
599 517
800 751
73
931
438 249
386 162
96 949
367
997
290 30
897 65
376 402
421
395 206
191 82
981 102
993 847
635 487
338 818
118 795
726 735
269 218
241
266 838
8 837
97 603
304 195
350 93
50
912 873
934 769
373 156
300
503 651
618 432
378
586 343
497
536
309
644
637 709
628 579
57 824
483
154
66 868
457
886
71 163
76 876
359 288
832 813
872 808
920 801
18 534
211
925
223 234
224 59
484 366
857 697
215 55
209
946 720
519
235
865
669
582 590
960 814
417 214
708
307 243
928 95
852
698 816
482 522
866 760
620 469
856 744
263 543
828 36
682
382 182
520
867
605
964
815
355 129
299
422 447
113
673 510
524 408
87
561
647
500
906
775
22
781 927
428 465
919 753
252 943
571 410
63
505
302
472
261
783 884
460
874
583 424
124 566
189
724
201
622 572
903 881
680
754
298
19
446
490 368
227 737
911 711
513 372
116 171
48
134 947
179
225
836
706
608 545
233
653 455
695 643
255
247
917
459 407
400
123 958
229
327 256
301
143 198
80 891
705 544
821
512 589
712
908
529 492
956 929
130 67
321 137
267
692
835 765
414 318
416
596
567
23
108 797
969
509
557
799
453
875
935
147 984
388 270
112
953 977
741
611
348
702
587 683
952 833
963
7
614
295 158
898 660
279
178
839
786
703 686
280 250
92
514
222
869
203
0 793
62
576
560
771
188 99
916 909
68 974
45
794 701
671
328
466 246
228
942
568 659
316
889
883 636
791
165 664
358
550
733
364
473
360
369
975
85 910
922
880
904 668
747
678
936
803
312
175 58
53 523
849
627
723
670 471
992
537 617
489
978
722
54 564
962
719
440
406
742
951
125
199 763
892 901
785
384 331
826
100
528 443
822
430
333
597
526
939
52 10
535 464
556
923
323
39
933
356
334
264 119
546
714 521
776
173 689
346
591
863
496 552
232
749 788
429
687
851
212
151 624
311
444 461
363 237
285 133
345 236
609 562
272
314
90
84 598
985 941
802
337 271
717 871
648
253 64
730
181
254
728
131 961
12 841
677
268
516
4
823
265
70
275
850
899
115 915
29
442
213
693
727
613
842
161 2
819
679
207 945
782 632
109
820
864
827
804
75
616
971
807
574
508
210
539
423
756
146 573
221 980
313
531
559
477
177
787
434 330
9
60
197
654
449 542
145
768
565
732
283
746
170
893
626
629
887
812
777
148
411
396
244 879
488
736
38
575
970
278
219
955
658
809
365 144
149
645
983
652
5
860
548 335
450
81
725
907
688
258
656
319
498 390
6 474
315
332
778
340
107
491
976
790
142
655
425
412
584
685 607
205
193
979 773
176
28
1
914
959
184
755
625 452
17
387
136
121
540
24
761
180 798
504
329
972
86 37
895
240
174
704
77
480
745
451
274
377
592
43
538
398 291
621
217
127
764
696 762
34
433
41
239
527 257
707
462
303
593
110
938
479
296
166
437 371
441
342
649
767
260
877
532
499
667
326
190 902
690
486
104 699
393
859
336 40
21
999 968
729
843
966
152 750
738
924
89
878
829
325
913
320
506
132
322 117
351
357
317
691
294
186
427 419
374
672
13
606
230
848
381
397
950
784
766
600 700
202
558 634
551
418 399
900
293
555
734
404
370
159
79 578
445 476
14
431
287
164
515
569
187
780
502
623
845
757
220
602
25
855
380
739
277
361
33
854
379
493
890
541
467
194
905
463
74
639
986
948
83
282
456
72 31
844
420
594
11
921
485
292
192
642
530
772
896
994
141
646
549
35
954
354
743
663
870
989
831
792
998
139
641
308
748
694
926
106
16
135
208
547 518
944
98
347
251
987
56
281
349
389
448
533
507
391
276
42
122
305
426 297
167
888
554
650
718
610
570
111
435
352
245
120
