750
3
856 291
25
339 578
245
813 399
251
761
352
952 171
272
609 492
120
937 928
393
796 180
502
619 253
436
51 985
347
15 68
554
737 288
533
899
111
494 384
516
605
41
413 752
584
951
570
241
391
885 237
663
858 119
707
118 798
610
840 310
718
401 788
743
825 116
812
20 64
159
482 432
844
823
820
438 700
650
852
878
262 600
845
114 892
888
252 818
435
575
970
821
921
372 558
998
661 306
189
982 175
124 965
481 635
6 996
862 46
151 957
866 234
165 949
873 264
987
412
18 967
72 793
199 838
929 191
244 834
499
227 876
409 496
290 774
912 131
336 769
26 37
173 930
751 417
273 810
815
355 753
995 53
350 758
155 909
831
886
708
786
365 715
581 324
426 651
469 449
373 711
30 160
437 595
960 185
474 582
10 57
528 579
670 542
459 585
242 699
146 958
744 207
361
770 215
566 503
231 698
622 495
455 484
573 501
894 54
664 465
101 968
382 684
260
434 590
794 218
695 353
847 97
681 338
837 84
547 517
808 161
805 250
216
624 478
277
920 198
975
857 238
879 226
943 172
156 61
689 375
470 445
405 657
779
48
906
763 266
817 395
973 168
32 126
534 563
153 940
70
150 941
202
716 248
106
644
9
956 82
98
140
944
719
208
645
35
383 631
462
553 363
463
727
305
105 946
292
8 69
21
328
671
344 564
456
28
507
430
532
394 630
265
799
167
723
627
285 918
688
647
500
7
614
176
594
138 717
613
200 901
712
431
549
183 749
900
256 884
860
327 636
936
814 104
896
853 55
986
754
926
388 759
907
572 464
903 961
407 710
915 910
797 152
736
108 902
947 897
225
641
356
992
935
147 990
263 598
530
115 95
872 981
182 934
321 882
345 816
389
416
414 709
88 980
259 919
665 548
297 911
522 618
443 628
446
490 601
211
905
233
571 545
475 659
583 529
249 603
525 580
521 403
625 428
620 552
953 868
369
612 390
422 607
662 359
125
643 385
735 466
371 789
795 190
705 271
596
562 577
604
675 331
993 86
760 223
229
801 143
341 568
841 59
802
835 71
91 945
833 128
447 685
40 102
169 750
12 163
134 65
80 123
544 337
891 2
972
144 47
49 824
93 96
846 295
157 36
454 498
697 280
511 418
11
567
23
674 335
518 599
652
5
513 634
34
314
90
932 85
984 828
286
103
205
129 76
127
653 366
869
188 927
94 916
330 871
230
139
514
92
27 999
81
402 782
313
472
302
702
348
977 66
296
300
89
179
364
473
360
756
423
543 398
429
550
349
588
4
270 668
370
745
451
130 773
467
228
450
615 322
504
942
166
557
509
358
281
493
551
617 586
457
803
485
559
479
75
616
406
539
109
629
922
729
701 269
411
204 696
755
44 974
768
145
777
209
148
410 608
704
740 419
830
721 221
855
863
757
687
870
424 535
923
439
792
997
864
415 762
99 781
187
963
669
133 731
243 898
236 676
726 246
887
724
304 666
67 979
137 720
519
541
421
376 632
733
444 487
452 510
368 633
508
318 637
461 673
307 660
162 783
648
87
765 224
458 683
881 206
991 117
800 214
538
13
606
988 58
311
832 158
195 904
50
776
703 257
693
679
819
201
121
52 806
255
247
196
254
524 589
275
497
537 343
730
181
546
149
203
38
826
381
848
387
332
404
78
880
396
468
113
287
392 523
19
62
576
560
623
865
654
836
706
638
555
913
746
170
320
22
775
526
867
520
877
261
924
966
889
408 512
950
908
939
849
964
268
677
299
386 883
850
686 527
672
301
193
994
141
367
483
154
400
714 476
536
217
60
197
741
219
222
480
213
31 0
597
739
267
83
565
732
283
725
460
962
279
294
442
561
925
728
284
861 79
334
471 427
591
289 587
811
890
29
329
491
771
827
56
593
969
851
488
323
135
73
16
829
42
804
122
785
194
425
433
178
192
39
282
611
954
540
220
839
317
232
448
682
43
63
505
602
333
319
210
893
626
787
569
895
420
45
14
790
646
680
642
978
649
278
722
854
694
933
691
177
477
100
766
874
784
875
859
692
948
713
959
931
971
807
989
742
74
212
107
778
110
938
112
132
506
658
780
656
258
489
293
309
316
690
325
791
326
667
340
809
351
983
354
312
357
377
374
303
379
186
276
342
441
184
515
136
639
976
531
842
592
346
621
142
655
747
678
239
738
955
764
397
235
240
843
822
914
298
1
362
77
640
174
440
315
274
378
24
380
917
453
574
486
772
767
556
164
748
734
308
33
17
