750
3
47 996
663
604
151 737
344 587
173 866
129 137
888
816 818
244 12
543 798
820
109
290 115
318 475
124 664
306 586
252 30
99 256
18 622
211
355 157
701 846
671
328
393
977 91
365 188
553 916
199 920
162 427
434 414
416
373 259
424 670
707
760 858
474 571
686 795
831
802
405 345
833 956
534 625
929 84
566 675
735 797
609 705
716 885
547 653
869
998
997
695 835
243 339
681 825
375 585
227 952
465 595
879 903
94 363
857 872
660 934
973 953
436
584
501 517
763 853
990 965
350 147
82 116
48
160 930
165 805
817 861
437 490
288 711
812
631 871
426 371
128 250
208
697 808
336 134
382 321
146 689
665 721
352
171 769
921
65 967
987
262 558
273 80
961 198
361
910 172
21
203
943 937
638
120
28
507
430
532
492 579
459 525
422 620
594
932 51
202
372 600
627
723
499
163 834
462
246 385
9
330 383
549
654
614
7
500
906
736
234 753
860
891 44
712
908
391
271 495
265
607 789
98
37 46
926
289 568
613
727
463
552 608
40 72
67 169
456
70
32 49
947 150
641
992
156 270
300
6 573
483
297 368
522 581
388 410
984 155
443 454
847 191
518 482
894 264
951
742
533
728
643 726
415 408
612 703
617 619
624 794
886
708
97 417
182 304
394 524
841 988
386 341
285 327
218 478
407 444
476 498
662 770
409 696
915 101
467
11
461 511
34
536
93 130
991 104
801 912
800 982
4
823
844
31 118
92
514
139
968 928
272
832 8
896
824 126
89
852
878
545 651
144 231
659 636
296
882 838
251
596
23
567
572 674
868 168
281
335 529
302
698 61
364
376 481
305
720 76
423
105 204
411
331 503
166
71 338
610
922
450
81
313
402 392
485
637 919
25
602
650
924
292
544 840
718
55 266
562 537
661 999
103
286
616
75
648
702
348
439
862 10
117 214
504
918 876
729
668 36
679
819
677
268
516
605
433
64 131
629
626
757
496 752
479
938
970
575
435
615 980
457
267
830
455 740
451
745
803
102 949
792
2 238
855
255
148
206 280
986
603 940
963
779
133 401
226 810
777
209
923
556
452 714
406
539
464 590
52 200
739
881 20
390 582
765 960
447 470
494 813
113
13
606
38
487 628
899
528 583
138 413
185 224
87
158 223
880
432 599
307 458
839
145
768
755
153 249
236 438
851
247
917
216
560
644
309
50
856 995
275
850
254
815
329
241
972
114 403
19
446
756
366 563
287
58 59
508
574
555
632 911
301
699 946
468
310 337
576
892 0
187
884 781
509
557
561
647
864
978
404
927 957
867
520
877
260
889
966
799
453
939
526
775
22
181
730
950
397
623
845
381
848
201
724
887
197
26 108
969
873 54
733
706
324 618
751 837
95 958
513 521
591
964
849
78
442
228
152 466
179
225
993 180
510 710
196
100
125
421
994
193
320
580 684
360
473
472
261
154
719
83
759 774
907
725
588
469 749
746
353 657
913
901 806
761
24
550
358
35
460
645
983
890
700 676
497
343 577
27 253
219
88 322
601 715
688
258
195 263
284
242 512
177
771
396
15 207
811
488
935
183 449
127
217
786
732
565
5
652
962
865
836
814 175
936
678
551
399 384
796 86
73
743
744 68
314
90
704
279
17
387
954
821
56
827
276
311
277
778
505
63
194
257 428
16
787
569
597
477
559
210
245
530
754
722
69 161
370
159
646
709 758
748
400
493
826
766
975
784
875
691
933
111
589 630
859
687
282
669
42
804
190 527
369
554
299
420
274
944
222
480
902 57
971
931
471 783
909 828
14
229
317
232
418 673
140
308
863
642
178
79 395
925
985 85
142
945 66
60
734
278
649
39
445 685
412
750 974
45
333
319
220
793 123
176
979 981
205
809
293
489
110
593
189
776
316
283
326
791
564 883
440
389
240
112
119 143
334
356
354
332
523 782
658
780
634 633
43
682
170
893
347
29
441
342
538
640
905
233
515
184
959
713
870
213
741
611
592
842
141
773 96
367
291 269
164
874
772
692
843
822
854
379
914
1
192
237 248
747
693
621
656
546
149
655
425
374
672
349
215 359
121
785
578 898
174
212
107
491
976
790
431
362
303
683 666
788 731
429
132
506
315
136
312
764
955
502
298
62
680
762 717
807
540
377
346
378
667
941 897
598 904
77
570
53 295
519
235
541
942
186
294
221 548
419 484
74
639
895
690
486
380
239
738
398 635
325
829
542 535
989
767
167
531
230
357
351
694
340
323
135
948
448
33
122
900
106
41
