750
3
36 65
50
172 234
433
605
858 932
786
608 632
327 383
228
466 542
470 521
375 492
919 990
752 788
45
478 501
916 985
619 721
509
557
98
958 967
344 408
183 242
757
745
154
483
739
384 487
115 144
458 475
965 996
199 252
481 522
385 464
831
266 353
54 97
218 271
159
558 578
694
153 195
392 469
651 711
499
723
370
108 162
775
22
911 927
513 617
718
995 79
613
727
63
505
744 796
930 957
936
482 544
435
615 661
188 297
808 881
795 797
735 751
84 152
573 624
41
710 816
675 760
339 372
213
814 847
567
596
265
823
340
778
964
226 250
76 102
684 753
970
575
749 783
457
51 94
946 979
836
225
92
116 143
263 341
231 304
124 146
885 982
637 666
582 595
255
247
321 371
223 331
620 686
853 891
147 182
682
818 876
563 585
497
207 306
334
66 119
817 846
939
200 386
838 949
46 59
715 769
610
338 465
44 101
960 993
828 910
168 198
413 447
484 510
96 126
920 973
928 2
155 243
923
934 47
364
61 95
712
622 681
151 165
264 310
230
606
897 961
952 30
206 215
886
806 868
273 350
270 318
71 128
559
12 40
774 834
825 841
77
590 657
397
950
698 720
519
668 676
726 770
845
91 114
316
889
224 257
707
502
623
137 236
991 15
32 93
781 824
373 426
160 171
812
238 288
860
248 335
81
450
279
178
761
24
890
631 636
78
204 249
983
645
149
262 289
166
118 169
85 158
975
725
696 750
799
453
80 129
105 150
87
561
302
472
821
548 589
27 88
219
650
673 700
356
933
241
678
361
277
363 418
409 471
253 324
336 365
358
233
671
328
269 343
997
969
840 873
538
214 246
205
625 662
527 552
962
405 437
863
780
705 801
68 117
740 813
654
865
648
702
906
758 810
874
460
35
953 52
395 419
315
551
295 399
664 689
604
349
856 929
229
256 402
251
789 882
628 759
261
679
819
986
280 366
284
553 581
42
123 163
954
503 579
56
827
724
717 773
641
903 947
387
130 138
907
422 444
908
883 901
655
837 894
512 564
999 69
638
937 984
8 20
414 518
203
731 793
959
438 461
357
175 237
60
197
981 55
867
393
922
177
912 977
941 968
550
217
127
70
337 432
560
771
325
401 415
508
406
511 543
452 455
125
72 133
157 259
935
878
852
743
73
417 476
708
667
311
473
360
369
428 545
779
49 99
800 832
11
184
755
285 330
861 53
103
286
345 407
485
987
272
820
109
244 290
423
539
210
468
216
807
574
164
875
299
524 665
7
963
39
685 762
888
416
367
495 517
706
454 494
899
547 609
459 534
490 562
173 227
695 763
283
732
504
376 410
866 943
669
764
803
477
597
893
626
600 699
556
89
446
688
258
746
170
530
355 382
220
815
584
412
549
131 161
722
978
663
480
23
577 599
111
535 630
276
804
75
892 945
703 765
565
754
298
839
307 368
601 709
536
403 445
956 10
314
26 67
525 572
616
944
794 833
531
313
122
529 580
25
602
21
849
322 398
498 607
546
404
440
719
388 443
19
713
526
326
687
463
905
354
931
737 857
268
805 879
656
489
514
378
670 714
320
913
826
100
791
850
135
323
136
396
988 31
362
672
57 82
317
232
430
333
449 523
0 58
260
767
680
62
16
787
106
644
829
309
346
776
880
196
674 716
851
28
871 918
570
951
971
359 390
994
193
896
872 915
948
587 603
4
588
374
520
235
974 37
635 683
738
34
633 660
488
301
733
652
462
303
843
811
139
802
992
142
772
267
493
421
439
904 940
870
618 659
329
972
790
442
434 474
569
308
140
400
925
592
842
980 64
730
942
180 221
593
110
394 424
274
541
86 185
74
112
741
611
377
540
121
201
887
629
500
647
926
568 598
555
332
6 18
211
202
728
653 697
869
181
254
300
104 190
431
742
768
145
451
640
976
319
305
917
176
614
148
777
809
921
649
278
782 884
658
955
586 634
38
736
639
594
441
29
420
240
411
785
281
835 862
576
222
844
179
859
692
33
348
877
532
209
191 291
704
174
528 566
822
507
275
729
690
691
486
677
895
627
591
379
854
554
186
294
898 909
784
427 496
966
924
282
83
855
380
792
425
583 643
351
938
479
998
312
571 612
830
429
132
900
293
9
239
748
693
646
766
48
43
167
208
467
194
17
537 701
141
187
292
1
491
107
389
448
914
212
296
456
342
90
113
287
13
533
14
347
5
391
756
642
192
189
747
621
381
848
245
989
515
134 156
864
352
798 902
734
506
516
436
120
