750
3
703 765
726 770
204 249
262 289
615 661
619 721
670 714
735 751
413 447
438 461
339 372
344 408
800 832
808 881
118 169
183 242
958 967
965 996
172 234
226 250
51 94
91 114
160 171
168 198
470 521
511 543
105 150
153 195
131 161
206 215
858 932
912 977
46 59
71 128
838 949
930 957
744 796
795 797
394 424
422 444
8 20
27 88
256 402
401 415
995 79
56
76 102
96 126
513 617
524 665
481 522
620 686
969
108 162
840 873
856 929
26 67
44 101
946 979
974 37
669
687
529 580
577 599
789 882
871 918
147 182
157 259
817 846
885 982
937 984
953 52
392 469
409 471
263 341
553 581
72 133
130 138
36 65
61 95
490 562
525 572
728
732
283
309
637 666
668 676
155 243
200 386
327 383
376 410
866 943
920 973
478 501
495 517
216
247
255
261
628 759
710 816
675 760
705 801
586 634
618 659
828 910
897 961
137 236
231 304
631 636
633 660
228
281
388 443
414 518
488
497
207 306
253 324
336 365
355 382
124 146
151 165
264 310
295 399
166
296
173 227
199 252
919 990
934 47
254
275
899
923
814 847
837 894
321 371
345 407
758 810
774 834
960 993
991 15
535 630
608 632
142
178
903 947
4
794 833
825 841
459 534
528 566
269 343
337 432
458 475
740 813
134 156
188 297
674 716
956 10
503 579
563 585
454 494
482 544
936
951
125
127
32 93
80 129
225
229
583 643
625 662
498 607
698 720
653 697
835 862
90
92
116 143
218 271
375 492
582 595
559
561
70
98
140
177
338 465
590 657
428 545
601 709
651 711
684 753
924
939
737 857
805 879
149
181
223 331
280 366
981 55
7
614
627
723
725
724
727
417 476
466 542
328
358
233
267
692
702
799
867
605
719
440
446
406
421
238 288
266 353
241
260
307 368
452 455
622 681
664 689
604
754
298
303
180 221
322 398
412
425
883 901
898 909
279
284
861 53
122
434 474
547 609
115 144
285 330
175 237
191 291
652
658
892 945
916 985
717 773
731 793
203
232
752 788
782 884
278
299
197
217
550
557
509
539
210
220
385 464
911 927
405 437
573 624
484 510
781 824
483
526
112
132
594
613
830
855
270 318
537 701
154
179
749 783
798 902
359 390
39
818 876
786
815
964
994
193
212
315
332
49 99
988 31
792
803
123 163
715 769
768
777
209
239
886
906
775
877
411
423
756
757
745
761
352
361
778
785
121
136
673 700
685 762
219
286
213
222
514
536
567
588
273 350
373 426
690
713
742
790
706
739
384 487
806 868
77
174
704
729
922
935
694
722
978
597
821
548 589
635 683
738
741
611
667
904 940
941 968
85 158
214 246
875
908
391
393
859
948
852
863
849
850
568 598
587 603
113
196
436
502
623
654
865
301
320
913
942
541
551
889
950
66 119
224 257
707
708
638
645
983
0 58
62
63
505
506
334
340
928 2
24
100
240
925
931
73
311
84 152
104 190
300
329
972
13
606
746
54 97
363 418
997
60
9
21
860
896
872 915
5
596
416
472
313
348
439
473
364
370
404
468
202
208
387
480
57 82
248 335
450
451
827
839
362
369
975
396
811
851
843
848
381
508
574
672
809
819
679
755
184
186
963
19
167
265
823
826
493
569
787
804
75
312
917
29
442
460
874
893
626
639
86 185
395 419
430
333
420
274
319
656
682
743
812
887
38
575
592
842
869
560
565
895
591
791
807
400
593
640
527 552
1
28
78
880
50
479
485
22
83
45
342
730
747
678
764
571 612
853 891
772
829
878
888
6 18
244 290
427 496
449 523
784
959
914
938
489
491
976
68 117
954
109
820
831
802
836
277
287
211
367
302
349
966
346
776
933
356
377
540
680
205
230
733
822
519
520
767
854
379
397
235
258
688
712
431
441
325
326
429
433
980 64
999 69
512 564
558 578
159
189
378
380
403 445
600 699
556
621
693
538
647
500
507
531
655
374
515
176
293
110
164
780
971
616
629
323
351
357
955
696 750
74
14
16
135
141
646
649
734
748
486
170
316
12 40
11
921
944
962
17
314
546
282
308
641
736
354
453
870
970
81
89
766
989
148
360
201
555
602
642
192
194
467
504
457
644
907
926
145
187
648
677
268
276
42
43
106
292
103
139
87
576
695 763
952 30
272
347
890
33
477
691
448
107
864
294
499
530
986
992
389
456
900
905
463
532
35
48
779
317
111
120
845
987
584
610
771
462
549
34
41
245
663
671
23
718
844
650
998
305
570
25
251
516
533
554
435
